7.665794610212448390e+01 7.762166480070817443e+01 7.872022989966383477e+01
7.531073211972488934e+01 7.688739156595384827e+01 7.878092758361181325e+01
7.557786753061895979e+01 7.646828300732568096e+01 7.830306051617206720e+01
7.683343024681737177e+01 7.757963999673317801e+01 7.980375352387945043e+01
7.981515211149228151e+01 7.972426296575420679e+01 8.128112909259219521e+01
7.694893155530522222e+01 7.792689215290516813e+01 7.842753881782306280e+01
7.642129432518036936e+01 7.766824022373553760e+01 7.929942583811673273e+01
7.686648681727628230e+01 7.711186261771329953e+01 7.843314097651094130e+01
7.941776269895940743e+01 7.953332995446552900e+01 8.200840103977270701e+01
7.506317541022848161e+01 7.512186279093472763e+01 7.612964269311919452e+01
7.677574090155555098e+01 7.843877868348904769e+01 7.946037393659159420e+01
7.924672528233763558e+01 8.050589114042968220e+01 8.077652728317274011e+01
7.673135791641568915e+01 7.682046193075464657e+01 7.878745881621321701e+01
7.809380158560868779e+01 7.935132434074500907e+01 8.033719379943771344e+01
7.837385519233961872e+01 7.928115000588954331e+01 8.059612275395663517e+01
7.852859969479291635e+01 8.024767157979731280e+01 8.192874420061582441e+01
7.701442513790269118e+01 7.692511492531509987e+01 7.899012453024654690e+01
7.380994096673971683e+01 7.535585765960544791e+01 7.582151956437009233e+01
